        1.701251        2.163585        1
        2.493304        3.008741        2
        2.285009        2.079873        1
        2.650291        3.095962        2
        2.522840        2.346605        1
        2.474108        3.058943        2
        2.410501        2.113535        1
        2.603995        2.214985        2
        1.791403        1.964452        1
        2.447313        2.365899        2
        2.688525        2.045692        1
        2.419083        2.204669        2
        1.708911        1.977880        1
        2.831663        2.771184        2
        2.301764        2.207166        1
        2.466234        2.863045        2
        2.150789        1.952123        1
        2.357039        2.807685        2
        2.483319        2.402606        1
        2.819883        2.501950        2
        2.575973        2.326676        1
        3.255901        3.125718        2
        2.239354        1.742338        1
        2.762081        2.435328        2
        2.562239        1.809601        1
        3.079656        3.043654        2
        2.696796        2.599695        1
        2.911499        2.592438        2
        1.966213        1.897281        1
        3.140144        2.223743        2
        2.075866        1.692624        1
        2.977206        2.256215        2
        1.708789        2.518790        1
        2.575887        2.472897        2
        2.287909        2.291183        1
        3.137611        2.926493        2
        2.184939        1.805359        1
        3.043736        2.668459        2
        2.157961        2.549156        1
        3.044438        2.308280        2
        2.299048        1.985235        1
        3.035008        2.808966        2
        2.272405        1.961339        1
        2.451555        2.425105        2
        2.125153        2.402881        1
        2.817106        3.189990        2
        2.451549        1.945561        1
        2.468981        2.857308        2
        2.191897        1.663540        1
        2.999759        2.704807        2
        1.847496        2.549583        1
        2.441575        3.105118        2
        2.392892        1.903049        1
        2.726557        2.270376        2
        2.666613        2.283187        1
        2.453233        3.077255        2
        2.521680        2.182049        1
        2.491351        2.377892        2
        2.517194        2.075265        1
        2.455553        2.703922        2
        2.432017        2.005591        1
        2.579580        2.768743        2
        2.382241        2.355852        1
        3.021915        2.675295        2
        1.823020        1.967809        1
        3.134681        2.235096        2
        2.217014        2.262984        1
        2.726222        2.304678        2
        2.649339        2.521384        1
        2.849547        2.545988        2
        2.171725        1.974981        1
        3.146980        2.516874        2
        2.156099        1.871889        1
        3.282971        2.497800        2
        2.439189        2.167278        1
        2.495990        2.961315        2
        2.539442        1.997656        1
        2.800900        3.090164        2
        1.727467        2.594629        1
        2.872588        2.250508        2
        2.231327        1.794067        1
        3.143043        2.826759        2
        2.357613        1.797851        1
        3.142158        2.323325        2
        1.809928        2.343126        1
        2.614066        3.141069        2
        1.986081        1.936314        1
        2.440263        2.933085        2
        2.534620        2.307999        1
        2.900238        2.947215        2
        1.952724        1.744475        1
        2.301617        2.261007        2
        2.506238        2.452626        1
        2.510578        2.315604        2
        2.253209        1.614252        1
        2.413773        2.654512        2
        2.452220        2.286148        1
        2.843443        2.273885        2
        2.136720        1.801941        1
        2.996219        2.490353        2
